o ChairTop.003_Cube.003
o ChairTop.003_Cube.003
v 1.209477 1.397709 -0.222999
v 0.787166 1.397709 -1.345585
v 1.209477 1.422616 -0.222999
v 0.787166 1.422616 -1.345585
v 2.271598 1.422616 -0.622564
v 2.271598 1.397709 -0.622564
v 1.849288 1.422616 -1.745149
v 1.849288 1.397709 -1.745149
v 1.954615 1.422616 -1.723580
v 1.954615 1.397709 -1.723580
v 0.807333 1.422616 -1.291978
v 0.807333 1.397709 -1.291978
v 1.869454 1.397709 -1.691543
v 1.869454 1.422616 -1.691543
v 2.336643 1.422616 -0.708073
v 1.189361 1.397709 -0.276472
v 2.336643 1.397709 -0.708073
v 1.189361 1.422616 -0.276472
v 2.251482 1.397709 -0.676036
v 2.251482 1.422616 -0.676036
vn 0.352103 0.000000 0.935961
vn -0.935961 0.000000 0.352104
vn 0.935962 0.000000 -0.352100
vn 0.000000 -1.000000 -0.000000
vn -0.352103 0.000000 -0.935961
vn 0.000000 1.000000 0.000000
vn 0.352104 0.000000 0.935961
vn -0.935960 0.000000 0.352105
vn -0.352102 0.000000 -0.935962
vn 0.935960 0.000000 -0.352105
vn 0.000000 1.000000 -0.000001
vn 0.000000 -1.000000 0.000001
usemtl Material.005
s off
f 5//1 3//1 1//1 6//1 
f 11//2 4//2 2//2 12//2 
f 19//3 20//3 5//3 6//3 
f 19//4 6//4 1//4 16//4 
f 4//5 7//5 8//5 2//5 
f 18//6 3//6 5//6 20//6 
f 19//7 17//7 15//7 20//7 
f 18//8 11//8 12//8 16//8 
f 8//4 13//4 12//4 2//4 
f 13//9 14//9 9//9 10//9 
f 7//10 14//10 13//10 8//10 
f 4//11 11//11 14//11 7//11 
f 9//10 15//10 17//10 10//10 
f 13//4 19//4 16//4 12//4 
f 14//6 20//6 15//6 9//6 
f 10//12 17//12 19//12 13//12 
f 11//6 18//6 20//6 14//6 
f 3//2 18//2 16//2 1//2 
